416
395
437
425
431
381
431
398
430
425
397
438
409
386
402
419
423
408
437
431
405
409
410
437
398
384
369
422
392
411
437
372
430
393
424
391
437
429
436
372
406
396
374
389
420
390
426
401
368
424
421
404
389
437
383
435
438
429
402
436
378
418
408
377
392
374
380
367
400
398
435
433
419
407
432
421
432
402
426
438
424
395
389
398
378
423
422
372
433
408
423
408
384
404
413
386
403
436
382
433
389
414
391
400
428
432
422
367
393
418
433
365
439
400
430
380
415
406
386
405
379
421
442
385
394
381
431
368
405
366
413
413
426
377
433
437
399
382
416
439
364
409
426
436
406
408
427
405
419
417
395
426
369
382
390
395
415
437
368
390
371
383
414
370
419
402
436
438
427
367
418
435
439
436
439
418
383
423
401
373
384
401
409
376
407
415
434
418
433
389
382
366
369
379
369
365
381
411
421
436
435
434
443
405
429
368
419
419
417
371
411
438
422
403
382
434
393
368
416
398
386
387
420
421
421
408
428
438
411
439
369
372
378
423
413
433
368
414
380
415
418
405
429
419
417
430
422
417
397
380
432
413
374
420
398
389
435
373
392
383
395
430
371
435
435
404
428
396
387
436
404
393
393
409
416
395
438
367
424
368
389
412
371
426
399
439
369
386
412
379
437
375
429
407
409
392
392
404
380
367
439
411
413
371
398
439
381
406
408
366
406
392
411
365
385
378
367
378
383
373
429
366
435
388
437
383
374
368
367
365
396
421
433
415
368
386
381
369
374
404
425
407
412
440
441
368
388
373
421
369
405
402
368
426
380
414
434
409
383
418
427
433
394
407
417
411
372
429
385
385
410
389
364
372
413
379
373
414
383
376
435
423
402
394
411
409
383
438
428
421
413
407
376
428
420
393
437
390
379
387
438
418
401
435
373
438
427
437
425
372
419
438
439
413
403
416
375
431
390
429
421
377
434
436
437
394
421
426
377
384
372
386
429
399
427
400
390
433
429
440
375
419
396
412
421
414
394
407
422
376
417
366
422
404
377
369
410
435
389
395
425
431
437
403
438
376
382
413
373
375
398
402
438
374
384
433
416
420
386
414
403
387
393
438
376
413
431
417
370
410
392
433
433
408
383
396
420
379
420
371
374
400
438
435
420
388
402
417
383
395
400
431
409
407
387
391
423
390
401
390
406
421
410
436
433
389
368
391
374
397
384
436
368
428
440
431
367
422
394
439
394
400
411
430
412
378
400
400
371
413
431
440
383
437
419
367
375
427
371
399
392
403
379
427
372
366
427
440
368
400
428
430
428
436
400
392
387
413
399
399
415
435
417
438
423
391
415
428
366
425
419
430
378
368
418
418
426
439
426
398
418
396
439
374
374
371
372
372
367
388
367
436
414
400
386
391
393
374
397
435
421
381
386
392
391
412
425
390
371
409
369
404
441
425
413
393
413
382
380
426
392
437
414
374
417
394
386
411
408
372
382
442
415
375
377
380
412
414
428
437
374
417
384
406
366
419
399
388
377
393
421
376
392
422
440
400
367
383
401
407
429
393
424
394
375
427
380
382
433
418
370
428
399
374
430
432
412
368
438
403
412
390
429
431
404
422
383
389
371
421
442
425
415
370
375
403
411
420
385
435
368
395
401
424
391
425
389
399
441
393
428
433
387
423
367
375
407
382
394
426
394
414
440
438
440
371
440
385
376
421
373
417
367
386
397
415
423
439
382
376
402
420
442
442
426
388
400
431
409
378
419
395
425
383
394
370
385
405
370
438
430
413
421
380
375
380
394
431
369
365
416
437
380
417
365
364
400
442
418
369
400
376
439
382
399
387
438
431
373
388
372
380
369
372
379
403
372
371
436
382
383
366
404
428
399
439
371
399
380
419
421
390
417
392
421
402
379
407
441
423
421
407
393
420
396
441
423
367
424
368
421
392
384
414
372
440
392
374
387
409
391
434
369
430
370
431
436
428
372
413
373
402
393
417
369
381
380
367
377
436
377
386
396
410
383
439
423
431
435
368
377
402
440
434
426
405
388
430
394
428
411
380
402
424
418
416
413
390
410
435
436
426
431
427
406
431
385
386
416
385
399
385
368
370
402
374
384
424
402
373
413
383
375
379
399
400
400
374
388
428
421
420
395
430
368
420
366
399
387
427
382
421
424
434
373
432
394
434
401
402
440
433
418
407
370
413
401
418
366
384
404
392
423
376
388
380
434
404
420
426
396
440
408
404
378
397
437
399
389
422
396
369
369
369
436
366
424
376
398
370
403
422
375
388
371
419
389
385
439
377
409
372
412
439
392
422
405
417
408
418
375
433
435
407
380
381
369
374
414
366
407
435
395
417
408
383
436
424
415
429
390
440
422
387
415
375
394
394
435
431
429
428
366
367
428
379
393
436
438
377
374
427
368
395
373
431
425
427
392
437
372
367
426
408
396
369
390
388
430
397
367
410
393
434
437
431
413
419
396
405
399
391
391
390
425
435
419
380
417
425
371
397
415
433
383
409
413
416
437
380
438
377
416
392
372
415
431
407
424
428
379
421
373
404
367
379
387
399
427
406
366
439
438
368
430
421
387
418
429
387
389
401
380
373
438
377
392
432
405
372
438
375
425
369
427
388
368
375
404
365
385
372
402
433
377
386
435
417
375
420
382
411
373
388
440
367
388
397
367
376
426
367
374
432
427
418
387
404
420
365
402
399
388
394
433
385
389
407
414
366
426
390
389
368
385
418
426
366
367
370
381
435
432
385
367
435
381
429
420
411
436
435
429
372
389
366
429
400
397
434
379
440
377
391
419
379
416
405
437
415
407
370
370
368
428
400
444
398
412
437
439
436
372
402
432
419
367
374
405
414
404
410
407
391
434
403
387
425
366
433
377
393
425
422
435
367
372
430
389
396
429
389
398
416
368
381
429
372
387
367
410
414
387
397
428
382
435
433
431
424
417
415
433
373
424
423
389
387
368
395
406
403
368
415
420
386
435
397
413
388
369
374
407
403
428
381
421
419
400
440
405
417
437
437
383
413
432
413
432
394
400
412
438
389
433
433
413
385
384
437
437
406
410
436
406
388
431
379
372
396
431
384
370
420
436
383
429
387
412
390
445
376
398
436
422
431
438
369
378
415
436
425
422
432
388
388
407
438
371
417
383
373
414
381
384
374
440
373
438
396
431
415
434
371
397
434
381
438
395
368
378
413
400
424
398
414
438
434
367
433
382
375
427
368
387
395
388
373
438
404
417
381
401
437
385
391
422
389
431
437
380
369
428
396
366
425
422
387
419
406
